Activation: tanh

              precision    recall  f1-score   support

           0       1.00      0.97      0.99        36
           1       0.92      0.94      0.93        36
           2       0.95      1.00      0.97        35
           3       0.95      1.00      0.97        37
           4       1.00      0.97      0.99        36
           5       0.97      1.00      0.99        37
           6       1.00      1.00      1.00        36
           7       1.00      1.00      1.00        36
           8       0.94      0.83      0.88        35
           9       0.97      0.97      0.97        36

    accuracy                           0.97       360
   macro avg       0.97      0.97      0.97       360
weighted avg       0.97      0.97      0.97       360
