Activation: relu

              precision    recall  f1-score   support

           0       1.00      0.94      0.97        36
           1       0.89      0.94      0.92        36
           2       0.95      1.00      0.97        35
           3       1.00      1.00      1.00        37
           4       0.97      0.97      0.97        36
           5       1.00      1.00      1.00        37
           6       1.00      0.97      0.99        36
           7       0.95      1.00      0.97        36
           8       0.94      0.86      0.90        35
           9       1.00      1.00      1.00        36

    accuracy                           0.97       360
   macro avg       0.97      0.97      0.97       360
weighted avg       0.97      0.97      0.97       360
