Activation: identity

              precision    recall  f1-score   support

           0       1.00      0.97      0.99        36
           1       0.91      0.89      0.90        36
           2       0.95      1.00      0.97        35
           3       0.95      1.00      0.97        37
           4       0.97      0.97      0.97        36
           5       0.97      0.97      0.97        37
           6       1.00      0.97      0.99        36
           7       0.97      1.00      0.99        36
           8       0.88      0.83      0.85        35
           9       0.92      0.92      0.92        36

    accuracy                           0.95       360
   macro avg       0.95      0.95      0.95       360
weighted avg       0.95      0.95      0.95       360
